1000002 1 55
1000002 1000006 33
1000002 1000007 8
1000002 1000009 144
1000002 1000010 314
1000002 1000013 8
1000002 1000014 42
1000002 1000017 69
1000002 1000024 329
1000002 1000025 1
1000002 1000028 17
1000002 1000031 47
1000002 1000033 15
1000002 1000042 1
1000002 1000045 1
1000002 1000054 2
1000002 1000055 25
1000002 1000056 4
1000002 1000059 2
1000002 1000062 71
1000002 1000088 157
1000002 1000099 57
1000002 1000107 4
1000002 1000113 30
1000002 1000123 27
1000002 1000127 53
1000002 1000139 56
1000002 1000140 95
1000002 1000157 2
1000002 1000183 49
1000002 1000188 125
1000002 1000201 1
1000002 1000210 23
1000002 1000243 1
1000002 1000251 4
1000002 1000260 7
1000002 1000265 16
1000002 1000266 38
1000002 1000283 3
1000002 1000288 1
1000002 1000289 36
1000002 1000293 1
1000002 1000295 2
1000002 1000302 1
1000002 1000305 5
1000002 1000315 155
1000002 1000317 35
1000002 1000322 98
1000002 1000323 236
1000002 1000325 4
1000002 1000340 17
1000002 1000343 2
1000002 1000382 3
1000002 1000424 1